 1  1  50   0
 1  2  34   6
 1  3  23   0
 1  4 999 999
 1  5 999 999
 1  6 999 999
 1  7 999 999
 1  8 999 999
 1  9  73  65
 1 10 999 999
 1 11  64  58
 1 12  45  37
 1 13 999 999
 1 14 999 999
 1 15  27   0
 1 16  20   0
 1 17 999 999
 1 18  10   9
 1 19  18  10
 1 20  23  13
 1 21  23  11
 1 22  22   0
 1 23 999 999
 1 24  32  20
 1 25  30   7
 1 26  12   0
 1 27 999 999
 1 28 999 999
 1 29  12   0
 1 30 999 999
 1 31 999 999
 2  1  19   0
 2  2  33  23
 2  3 999 999
 2  4  60  40
 2  5 999 999
 2  6 103  51
 2  7 999 999
 2  8  51   8
 2  9  33 999
 2 10  24 999
 2 11  19   0
 2 12  33  14
 2 13  27 999
 2 14  34  12
 2 15  45  21
 2 16  26  12
 2 17  23  22
 2 18  36  23
 2 19  22  21
 2 20  42  25
 2 21  37   0
 2 22  45   0
 2 23  46  20
 2 24  59  22
 2 25  85  33
 2 26  78  56
 2 27  90  50
 2 28  81  62
 3  1  85  76
 3  2 114  59
 3  3  48 999
 3  4  29 999
 3  5  23   0
 3  6  28   8
 3  7  16   0
 3  8   8   0
 3  9   0   0
 3 10   0   0
 3 11  15   0
 3 12  16   0
 3 13  18   0
 3 14  28  25
 3 15 999 999
 3 16  32  18
 3 17  29  22
 3 18  39 999
 3 19  56   0
 3 20  66   3
 3 21  62 999
 3 22  86 999
 3 23 107  46
 3 24  92  82
 3 25 999 999
 3 26  94 999
 3 27  76  43
 3 28  39  25
 3 29  45  27
 3 30  44  12
 3 31  42  13
 4  1  34   9
 4  2  29  14
 4  3  37  25
 4  4  19  19
 4  5  30   8
 4  6  10   0
 4  7  18   7
 4  8  24 999
 4  9  24  22
 4 10  19 999
 4 11  31 999
 4 12  44   0
 4 13  42   0
 4 14  59  25
 4 15  60  40
 4 16  65  52
 4 17  62  62
 4 18  67  52
 4 19  86  64
 4 20  89  50
 4 21  86  25
 4 22 111  62
 4 23  79  26
 4 24  80  29
 4 25  59  41
 4 26  80  23
 4 27  91  23
 4 28  76  29
 4 29  53   0
 4 30  51 999
 5  1  43  22
 5  2  21  12
 5  3  32   0
 5  4  30  12
 5  5  24  13
 5  6  20  11
 5  7  26  11
 5  8  16   7
 5  9  17   0
 5 10  26   0
 5 11  32  10
 5 12  30   9
 5 13  32  13
 5 14  43  39
 5 15  34  33
 5 16  43  27
 5 17  37  21
 5 18  34  16
 5 19  34   8
 5 20  22   0
 5 21  13   7
 5 22  10   9
 5 23  12   7
 5 24   8   8
 5 25   8   0
 5 26  12   7
 5 27   7   0
 5 28  11   7
 5 29   0   0
 5 30   0   0
 5 31   0   0
 6  1   0   0
 6  2   8   0
 6  3   8   0
 6  4   8   4
 6  5   0   0
 6  6  14  14
 6  7  14  13
 6  8  11  10
 6  9  10   0
 6 10   9   0
 6 11   8   0
 6 12   0   0
 6 13   0   0
 6 14   0   0
 6 15   0   0
 6 16   7   0
 6 17  10   0
 6 18  14   0
 6 19  21   4
 6 20  25  22
 6 21  23  23
 6 22  18  16
 6 23  16  14
 6 24  14  10
 6 25  23   0
 6 26  20   0
 6 27  13   0
 6 28  10   0
 6 29   2   0
 6 30   0   0
 7  1   0   0
 7  2  16  16
 7  3  14  10
 7  4  22  17
 7  5  34  17
 7  6  40  37
 7  7  34  24
 7  8  30  19
 7  9  28  19
 7 10  14   9
 7 11  14   0
 7 12  13  11
 7 13  19   8
 7 14   0   0
 7 15  22   0
 7 16  14   0
 7 17  11   0
 7 18   0   0
 7 19  10   0
 7 20  15   9
 7 21  12   0
 7 22  11   0
 7 23   6   0
 7 24   0   0
 7 25   0   0
 7 26   6   0
 7 27   8   0
 7 28  14   0
 7 29  18   6
 7 30  22   4
 7 31  18   0
 8  1  20   0
 8  2  12  11
 8  3  14   8
 8  4  24   5
 8  5  24  13
 8  6  21  10
 8  7  19  10
 8  8  22  14
 8  9  21  12
 8 10  12  11
 8 11   9   0
 8 12   2   0
 8 13   8   0
 8 14   8   0
 8 15   8   0
 8 16  24   8
 8 17  11   8
 8 18   9   7
 8 19   0   0
 8 20   9   0
 8 21  21   0
 8 22  27   0
 8 23  36  18
 8 24  35  32
 8 25  35  19
 8 26  37  17
 8 27  40  10
 8 28  30   3
 8 29  25   0
 8 30  20   9
 8 31  16   4
 9  1  12   8
 9  2   0   0
 9  3  24  15
 9  4  23  12
 9  5  22  13
 9  6  15   0
 9  7  23   0
 9  8  18   3
 9  9  12   0
 9 10  12   8
 9 11   8   8
 9 12  12   0
 9 13  18   0
 9 14  22   0
 9 15  19   3
 9 16   9   0
 9 17   8   3
 9 18  22   8
 9 19  12   8
 9 20  10   3
 9 21  17   0
 9 22  26   0
 9 23  19   0
 9 24  13   0
 9 25  16  12
 9 26  23  22
 9 27  16  16
 9 28  14  14
 9 29  18  15
 9 30  13   0
10  1  14   0
10  2  15   0
10  3  11   7
10  4   0   0
10  5   0   0
10  6   0   0
10  7  13  12
10  8  17  15
10  9  23 999
10 10  28   0
10 11  28   0
10 12  27   8
10 13   7   0
10 14   7   7
10 15   9   9
10 16   8   8
10 17   8   8
10 18   7   0
10 19  14   0
10 20  19   0
10 21  17   0
10 22  29  11
10 23  19   8
10 24  21  11
10 25 999 999
10 26  13   0
10 27  21  15
10 28  25  14
10 29  48  26
10 30  42  14
10 31  50   0
11  1  43  32
11  2  70  41
11  3  58  44
11  4  27  16
11  5  20   0
11  6  16 999
11  7  20   0
11  8  21   0
11  9  22  19
11 10  22  17
11 11  20 999
11 12  21  18
11 13  23   8
11 14  26   8
11 15  19   0
11 16   0   0
11 17   0   0
11 18   0   0
11 19   0   0
11 20 999 999
11 21  28  13
11 22  29   8
11 23  42  39
11 24 999 999
11 25 999 999
11 26  33  20
11 27  35 999
11 28  42  39
11 29  55  50
11 30  38  24
12  1  47  29
12  2  40 999
12  3  43   0
12  4  28   0
12  5  28   8
12  6  17   8
12  7  29   8
12  8  20   0
12  9 999 999
12  1  22 130
12 11  27  21
12 12  17 999
12 13 999 999
12 14  37  10
12 15  23  14
12 16  24  10
12 17   8   0
12 18   9   0
12 19   0   0
12 20  10   0
12 21   0   0
12 22   9   8
12 23 999 999
12 24 999 999
12 25  19   0
12 26  14 999
12 27  19  19
12 28 999 999
12 29  11  10
12 30  11  10
12 31 999 999